
import random
import math

import numpy as np

from benchmark.base import Individual, BoundConstraintsChecker, TestProblem
from benchmark.real import doublesum, EllipsoidFunction, sphere


class F1(TestProblem):
    """Shifted sphere."""

    bias = -450.0

    offsets = [-39.3119, 58.8999, -46.3224, -74.6515, -16.7997, -80.5441,
               -10.5935, 24.9694, 89.8384, 9.1119, -10.7443, -27.8558, -12.5806,
               7.593, 74.8127, 68.4959, -53.4293, 78.8544, -68.5957, 63.7432,
               31.347, -37.5016, 33.8929, -88.8045, -78.7719, -66.4944, 44.1972,
               18.3836, 26.5212, 84.4723, 39.1769, -61.4863, -25.6038, -81.1829,
               58.6958, -30.8386, -72.6725, 89.9257, -15.1934, -4.3337, 5.343,
               10.5603, -77.7268, 52.0859, 40.3944, 88.3328, -55.8306, 1.3181,
               36.025, -69.9271, -8.6279, -56.8944, 85.1296, 17.6736, 6.1529,
               -17.6957, -58.9537, 30.3564, 15.9207, -18.0082, 80.6411,
               -42.3912, 76.2776, -50.1652, -73.5736, 28.3369, -57.9905,
               -22.7327, 52.0269, 39.2599, 10.8679, 77.8207, 66.0395, -50.0667,
               55.7063, 73.7141, 38.5296, -56.7865, -89.6477, 37.9576, 29.472,
               -35.4641, -31.7868, 77.3235, 54.7906, -48.2794, 74.2714, 72.6103,
               62.964, -14.1446, 20.4923, 46.5897, -83.6021, -46.4809, 83.7373,
               -79.6611, 24.3479, -17.2303, 72.3404, -36.4022]


    def __init__(self, num_variables, phenome_preprocessor=None, **kwargs):
        self.is_deterministic = True
        self.do_maximize = False
        self.num_variables = num_variables
        self.min_bounds = [-100.0] * num_variables
        self.max_bounds = [100.0] * num_variables
        bounds = (self.min_bounds, self.max_bounds)
        preprocessor = BoundConstraintsChecker(bounds, phenome_preprocessor)
        TestProblem.__init__(self, self.objective_function,
                             phenome_preprocessor=preprocessor,
                             **kwargs)


    def objective_function(self, phenome):
        phenome = [phene - offset for offset, phene in zip(self.offsets, phenome)]
        assert len(phenome) == self.num_variables
        obj_value = sphere(phenome) + self.bias
        return obj_value


    def get_optimal_solutions(self, max_number=None):
        return [Individual(self.offsets[:self.num_variables])]



class F2(TestProblem):
    """Shifted double-sum."""

    bias = -450.0

    offsets = [35.6267, -82.9123, -10.6423, -83.5815, 83.1552, 47.048, -89.4359,
               -27.4219, 76.1448, -39.0595, 48.8857, -3.9828, -71.9243, 64.1947,
               -47.7338, -5.9896, -26.2828, -59.1811, 14.6028, -85.478,
               -50.4901, 0.924, 32.3978, 30.2388, -85.0949, 60.1197, -36.2183,
               -8.5883, -5.1971, 81.5531, -23.4316, -25.3505, -41.2485, 8.8018,
               -24.2222, -87.9807, 78.0473, -48.0528, 14.0177, -36.6405,
               12.2168, 18.1449, -64.5647, -84.8493, -76.6088, -1.7042,
               -36.0761, 37.0336, 18.4431, -64.359, -39.3692, -17.714, 30.1985,
               -18.5483, 9.6866, 82.6009, -45.5256, 5.1443, 74.204, 66.8103,
               -63.4704, 13.0329, -5.6878, 29.5271, -0.4353, -26.1652, -6.6847,
               -80.2291, -29.5815, 82.0422, 77.177, -11.277, 32.0759, -2.6858,
               81.5096, 64.077, -26.1294, -84.782, -62.8768, -37.6355, 76.8916,
               53.417, -25.3311, -38.0702, -84.1738, -11.2246, -83.4619,
               -17.5508, -36.5285, 89.5528, 25.8794, 68.6252, 55.7968, -29.5975,
               -58.0976, 65.7413, -8.8703, -5.3281, 74.0661, 4.0338]

    def __init__(self, num_variables, phenome_preprocessor=None, **kwargs):
        self.is_deterministic = True
        self.do_maximize = False
        self.num_variables = num_variables
        self.min_bounds = [-100.0] * num_variables
        self.max_bounds = [100.0] * num_variables
        bounds = (self.min_bounds, self.max_bounds)
        preprocessor = BoundConstraintsChecker(bounds, phenome_preprocessor)
        TestProblem.__init__(self, self.objective_function,
                             phenome_preprocessor=preprocessor,
                             **kwargs)


    def objective_function(self, phenome):
        phenome = [phene - offset for offset, phene in zip(self.offsets, phenome)]
        assert len(phenome) == self.num_variables
        obj_value = doublesum(phenome) + self.bias
        return obj_value


    def get_optimal_solutions(self, max_number=None):
        return [Individual(self.offsets[:self.num_variables])]



class F3(TestProblem):
    """Shifted rotated high conditioned elliptic function."""

    bias = -450.0

    offsets = [-32.2013, 64.9776, -38.3, -23.2582, -54.0088, 86.6286, -6.3009,
               -49.3644, 5.3499, 52.2418, -13.3643, 73.1263, -8.5691, -20.4915,
               -60.1487, 16.0884, -78.3319, 70.0387, -6.8521, -64.797, 65.4005,
               -26.0233, -33.8757, 51.5893, 27.6427, -69.4485, 25.5123,
               -59.0782, -66.5481, -51.2733, -81.776, -71.6572, 37.081,
               -63.4248, -64.7785, 31.5299, 18.5387, 9.8342, -0.6037, 1.7346,
               70.1605, -82.0391, -42.7368, -83.593, -85.0255, 41.1773, 4.1649,
               -13.4505, -0.31, -38.7944, 71.2702, 65.532, 8.7753, -55.4691,
               -20.6252, 22.2901, 13.6798, 65.6745, 75.8418, 27.8926, -15.0616,
               -17.3036, 57.9346, -86.6326, 65.0596, 47.3884, 29.166, 65.5435,
               3.4643, -39.814, 18.2261, 77.0446, 62.1882, -11.4, -10.6218,
               70.1276, -40.8673, -24.4451, 52.1398, -10.5136, 29.2399, 2.1705,
               44.0863, 81.7943, 80.0466, 88.3266, 16.6098, -50.2573, -71.6993,
               71.5368, 61.4273, -3.6739, 77.9428, -22.3294, 64.7634, -74.2823,
               14.1899, 37.8473, -77.7129, 28.9959]


    matrix2D = np.array([[-0.9838884637416794, 0.17878336308515416],
                         [0.1787833630851541, 0.9838884637416795]])

    matrix10D = np.array([[0.17830682721057345, 0.05578633058716659, 0.4759190557666973, 0.24551129863391566, 0.31998625926387086, 0.3210200144836385, 0.027787561319902176, 0.2666400104677562, 0.41568009651337917, -0.47771934552669726],
                          [0.6351636285946867, 0.05009142383664624, 0.20110601384121973, -0.6807688241663351, -0.049934546553907944, -0.04639942342458296, -0.19460194646748039, 0.18961539926194687, -0.019416259626804547, 0.10639981029473855],
                          [0.32762147366023187, 0.36016598714114556, -0.2363565509404495, -0.01856685401744485, -0.24479096747593634, 0.44818973341886903, 0.5351863573361957, -0.3120692519053052, -0.13863719921728737, -0.20713981146209595],
                          [-0.06478321058798428, -0.49424101683695937, 0.13101175297435969, 0.03161517193119454, -0.1750610791487186, 0.6890803934491838, 0.010544234469094992, 0.21948984793273507, -0.16468539805844565, 0.3904855051851341],
                          [-0.2764804478537137, 0.1138311450612022, -0.30818401502810994, -0.3595940710443874, 0.2644625803470219, 0.0286167883791575, 0.47528027904995646, 0.4099399404977017, 0.4113104336891543, 0.2289934518888688],
                          [0.15454249061641606, 0.54899186274158, -0.1838202994179226, 0.3394446190390916, 0.285961887742557, 0.12833167642713417, -0.25495080172376317, 0.394607523020371, -0.3452464027000741, 0.2959031832336851],
                          [-0.05190797769001451, -0.1445075780970033, -0.46086919626114314, -0.05368796481836808, -0.36317793499109247, 0.027439997038558633, -0.21422629652542946, 0.5054514889308478, -0.09806471701908984, -0.5634699101856451],
                          [0.5014298935446065, -0.5313365904845752, -0.37294385871521135, 0.2337086643138151, 0.4432753766248853, -0.16972740381143742, 0.2036414896333169, -0.023717523924336927, -0.07180545586295492, -0.007333217845033976],
                          [0.10441248047680891, 0.04306422614936954, -0.41675972625940993, 0.016522876074361707, 0.0017437281849141879, 0.2959494487903076, -0.5119748773936874, -0.3267981976235789, 0.5825310659093351, 0.13204141339826148],
                          [-0.2964590765763169, -0.031303011496605505, -0.0780091540821166, -0.41548534874482024, 0.5695940357244347, 0.2909519840034815, -0.18560717510075503, -0.24653488847859115, -0.3714902508547979, -0.30015617693118707]])

    matrix30D = np.array([[0.10164957261764876, 0.28907203592317565, -0.28676502138024335, 0.1218656189849876, 0.005564508600170918, -0.22303152232011716, -0.1947278015668383, -0.1187111843571265, 0.13820926976639555, -0.03782856975350359, 0.3145503195435482, 0.04487983403959616, 0.12570115974584642, 0.21140455372781417, -0.39649477833532365, 0.21679987185764366, 0.1734433978156879, 0.05205633230714463, -0.2286556716275806, -0.1724263688476806, -0.018765349832665177, -0.2450977619662135, -0.042909543123452715, 0.08520392393757856, -0.0028073675525156255, -0.2694346492544198, 0.204261606401297, -0.07730857500700167, 0.12110828066102342, -0.04171193079104835],
                          [-0.06356688128738831, -0.06366532526403493, -0.09861259546241607, -0.10014364585581643, -0.14493349141275022, -0.041766780198875544, 0.36929813921174637, 0.11774688957741393, 0.19505102110413464, 0.10671307555259535, 0.1088859352715337, -0.22768051668524378, 0.019400190759083166, -0.1133194666552539, -0.08575427185145576, 0.1868394788471477, -0.2154077357793683, -0.27527136459375956, -0.24996069817518474, -0.043423348482698, 0.21024671926158417, 0.0006398686130767, 0.39221941156458107, 0.11354160173324693, -0.376237262492889, 0.011874606989760618, -0.10259435399326221, 0.17356454384129819, 0.10525158160810666, -0.1991314037147829],
                          [0.1716067566418046, -0.039406430050305384, 0.11335061164399883, -0.4007898331836075, 0.0025266241235494162, -0.00865890279827147, 0.1396817679586794, 0.05395086229230797, 0.453574017608888, 0.27416554845722513, -0.20120102931824305, 0.10786018168385161, 0.11215507852777834, -0.08522175632536345, -0.036565694622393584, 0.07681600872811145, 0.08386159939400979, 0.25854807960750176, -0.010666415655920922, -0.05266368870433495, 0.046050815312167294, -0.2874335398245715, -0.022690225101958856, -0.036380368816751676, 0.28497320149377114, 0.20056353219635795, 0.27387241616454305, 0.20574639118739677, -0.07649882043529228, -0.07038372924617202],
                          [0.2775954381088784, 0.03720353496167518, 0.01886152913696575, -0.2621111205488722, 0.49253846010095254, 0.10261612034343869, 0.22224353035271752, 0.2319628589073994, -0.1643220295757958, -0.2509741577638973, 0.30930716388123813, -0.13324284074970702, -0.07505331839007812, 0.04315272602362225, -0.20505081318573026, -0.007245074369464138, -0.03476662397080396, -0.1603320333170557, 0.08740311868819384, -0.1010145017960481, -0.03696687551134546, -0.015208663498307698, 0.0032052127606547872, -0.14309051818892518, 0.2689989534380106, -0.021838249567058324, -0.1580018044174444, 0.009339956251623809, -0.19639985053639275, -0.1996604797546255],
                          [0.09871960697666698, -0.2267964611200932, -0.25254146449215054, 0.05280126298394851, -0.1933448392228727, 0.21559967509050282, 0.29372216194092204, -0.1611901846261491, 0.15819279073280304, 0.08625079760905448, 0.11385968059614064, -0.27752413275486176, 0.18174263574348862, 0.2523333098544508, 0.038988626915871225, -0.08929704696802197, 0.16819065608949466, 0.27870318713320774, 0.23598261494637288, 0.2449714908714476, -0.1932522476640285, 0.018121744120277616, 0.002403366684444846, -0.14803728856015086, 0.06941494521425752, -0.27338951414303636, -0.23466893106435363, 0.003976031572932356, 0.13804596199533947, -0.11192640635625034],
                          [0.013549989414998383, -0.15897918291945926, -0.2576996867333399, -0.1784741533120154, 0.10885546020927407, -0.02183302426781088, 0.011850247261564915, -0.4127826328926849, 0.020744877014688398, -0.21183337363018903, -0.09655020970752953, 0.45390162748620316, -0.24632751256734814, -0.02967255646941305, 0.025745054803161548, 0.008597760929578901, -0.4171224385941253, 0.12446362871527113, -0.061058126254324656, 0.14976678374594685, 0.03424716176167472, 0.024894537273179276, 0.10477176440902719, -0.14765843280100496, -0.026208389465230564, -0.21326752653532252, 0.08590846352226907, -0.021833389903042136, -0.008177048146396568, -0.25723522049513087],
                          [0.18507347206915797, 0.15758035573018975, 0.032477251416465375, 0.4513071535613241, 0.19946842670449538, 0.37564752754982783, 0.1214312485110197, -0.19712551151710206, -0.13251075393884892, -0.14209059076039393, -0.2882611491007309, -0.18497202703143684, 0.1268081208097443, -0.18806334431661748, 0.03705938920470933, 0.08334864078395424, -0.027389917097839694, -0.023383972318880147, -0.10674018659465959, 0.07779746056373545, -0.01173616083176247, -0.22937486599785303, 0.0688547189862504, 0.0628942659530501, 0.08653140694309171, 0.16356035494155557, 0.23597247253073309, -0.0028318894910640846, 0.21650296150916884, -0.26430986667164025],
                          [0.13594932566906506, 0.3074191368514748, -0.15350247009863083, -0.14464531358364677, 0.04569261220518883, -0.05189948196742329, -0.05023133376759738, -0.26647001189789654, -0.00302927455868819, 0.1414678206033217, -0.14946656543309728, -0.13255052878573606, 0.254605021271442, 0.24464274994716803, 0.05335814642380131, -0.4806845568085278, -0.10429863563017264, -0.044814506124222976, -0.19163684292503938, -0.04257621258985102, 0.2755575497651694, 0.2672161378422087, 0.06221164286156204, 0.2569063146581813, 0.1622822489440353, 0.08913301921926425, -0.1249001362000181, -0.038948084012320354, -0.1427961021242354, -0.07269754815671875],
                          [0.03906726157411894, -0.3037293537719967, -0.17810842626246476, 0.04551997284638125, -0.0475207899802671, 0.17515992233757294, -0.011875763424877415, 0.10366344641108381, -0.012206184268571521, 0.2808511082903948, 0.31488849823259546, -0.008302221147605102, -0.09358833954572465, -0.2773088560924207, 0.0722588515120634, -0.02523184139648953, -0.23915419607575888, 0.01580488647934725, -0.3394620056100733, 0.03470271487542195, -0.11175215790045064, -0.010080015898204227, -0.24868686049393682, 0.36285510582611696, 0.306165344066221, 0.017401570953453942, -0.0029360361797943135, -0.28626680055921755, 0.028433878851802184, 0.045232477160892424],
                          [-0.26023600115933015, -0.21499575729520948, 0.1400048219411101, -0.09209391350394246, 0.19762492844673585, -0.1160680960363133, -0.1434911020093422, -0.24003309876225815, -0.03076489776643003, -0.15151291610765563, 0.1348069540937481, -0.10061335421716092, 0.15837154489540492, 0.019952736779194315, -0.18012745424870008, 0.01279656937980069, 0.08468879502374074, 0.23027670832848535, -0.3435080486516305, 0.23464834876862828, -0.06202851577285202, -0.14119879636686303, 0.23594051722401366, -0.13255055751508624, 0.04088273372406207, 0.4212886268641687, -0.2766448363731282, -0.07165403009795077, 0.08322672312454074, 0.1375581333515522],
                          [-0.11453132803044509, 0.0005016103467944411, 0.06333082983936206, -0.190127227640041, 0.03199469160152175, 0.037475410260706395, -0.10651833891466217, 0.2586572448986541, -0.25243252362585583, 0.1818138537310842, 0.05982141932356695, -0.03827781356067774, 0.3251954662837682, 0.11502545808617184, 0.10909906763059674, -0.06221718876058416, -0.22015238873256468, 0.11693860325273177, 0.07170143938917405, 0.06353150239828748, 0.3285670598500912, -0.25477116399848937, -0.1137288063660733, -0.2803643931188687, -0.19616703427550175, -0.06479602378440377, 0.14803341992172783, -0.39103954522623335, 0.18421575628361483, -0.20567728172193261],
                          [-0.30659016189985566, 0.13312718600651358, -0.08903401020698419, -0.26771359515466603, 0.30206030171609105, -0.07760238932793143, -0.015530031921647092, -0.1053433173399142, -0.12306870860450268, 0.03887631912384898, -0.057248130601958505, -0.07901605313688591, 0.0668144887425574, -0.10461884702108182, 0.41576604583960663, 0.35093232220868503, 0.2746140185508066, 0.006127619227398179, -0.07501588089849591, 0.09983092779737897, 0.02525310705863986, -0.005485543132883931, -0.2397536368923103, 0.245111971309485, 0.017417557421154497, -0.22523540216036722, -0.16543629204672444, 0.19938153032978617, 0.07670402454959387, -0.1707781703667471],
                          [0.006689533991120046, -0.030659953050316126, 0.10272965845804866, -0.06721648766793795, 0.14210487621784515, 0.1355886412891005, -0.011894510681984643, -0.12056119870765801, -0.0020096507361536207, 0.25051991430019005, 0.053355200123323884, 0.10019225153719218, 0.4015622771308912, 0.17081089509279365, -2.6119138618403325e-05, 0.2672923120943625, -0.13258462573464175, -0.3126419986029899, -0.10852024420513201, 0.0854968851463823, -0.38834820528282776, 0.41292322461932435, 0.0063405624124030216, -0.2106430730674752, -0.02910727101394996, 0.009332353221005443, 0.28247031266947714, 0.03171318701282695, -0.03942522499589698, 0.09869812010307308],
                          [-0.3260660043651632, -0.06853195731760066, 0.04554446822403763, -0.11555168208661482, -0.17825174102936656, 0.05871209551117389, -0.11765576068605013, -0.19746247788481788, -0.16204447647757614, 0.079117267317619, 0.2750498617494267, -0.1581581983694536, -0.13278630206979702, -0.15796297078398455, -0.06808686684726778, -0.3712864017036526, 0.24920682322750803, -0.22500859368947737, 0.036929236094847336, 0.07940052830938431, -0.05044498730149946, -0.08006463613957981, 0.1047415815056818, -0.08204999381930998, 0.0974309100049117, -0.044897124011706036, 0.41381288616302425, 0.1961680257619389, -0.11894214294232994, -0.29121555285078454],
                          [-0.03374360023766475, -0.039881061790095325, -0.09792181375516726, 0.06863479065354666, 0.3395842706518788, 0.05714479700355888, -0.0911782130051627, -0.20044401863158703, 0.40432500907917257, 0.18809302975576175, 0.12077786335462118, 0.038280318129714316, -0.17521362545123614, 0.12450303785453637, 0.2856748653621252, -0.05573720949136751, 0.11466442561705872, -0.35885530134843846, 0.28373847564034077, -0.08629316234503127, 0.0031540189437001685, -0.24461095883440617, 0.16002934713033515, 0.015339169328660411, -0.1075616664377728, 0.1525273789423709, -0.04889714347341972, -0.336329439262963, 0.018316757659536213, 0.06182989319898719],
                          [0.14240466715456365, 0.15321457769660388, 0.37285641983131007, -0.1570967543312308, 0.21981357096489298, 0.07514334794736817, -0.2284877619182089, 0.01714165231048845, 0.13215246272666265, 0.08292559321432781, 0.06504573770111124, -0.21087097725917006, -0.19185388072821907, -0.06359297493233657, -0.11947725369276378, -0.10561979878742121, -0.18288882151273664, 0.15135418938215822, 0.10826355082329937, 0.32237181825723915, -0.04194545141862241, 0.07307412581521902, 0.19921301547571402, 0.24798156337561747, -0.08376938149158719, -0.3387612275872482, 0.1023734890135393, 0.05908728748477116, 0.3016341077486798, 0.19936630448367115],
                          [-0.020694916791897004, -0.07944697259110753, 0.08048592896466096, 0.25362252509829203, 0.09791435814140367, -0.19941627515551485, -0.06248136911318807, 0.09004818729689022, 0.047491466802618267, 0.20719020857347664, -0.08348172160319763, 0.03686344936894379, 0.031196842419712864, -0.2682155810599555, -0.021514495727349932, 0.15227077446092127, 0.23222531207789465, 0.10479941207418143, -0.0001491910378031755, -0.014117832287631294, 0.23854539677645265, 0.3242745514048472, 0.41029197491955305, -0.17292072214480383, 0.3222683108411213, -0.2556994832218574, -0.03781754758268757, -0.2707052167722046, -0.10379129395551044, -0.17573957645103017],
                          [-0.18605460547463779, 0.25057635463170563, 0.006761729421830952, -0.03002742798534898, -0.0906983516624831, -0.01086111465067783, 0.3466793860849267, -0.07682037436277776, 0.051795188478884625, -0.14409782286993017, 0.12304688755604394, -0.23778574893246746, -0.301659094813294, 0.21241680363756868, 0.0849027994478177, 0.26136020343724486, -0.027256101625377265, 0.15920276021915677, -0.005789509652101111, 0.22819303431099655, 0.20150668235139793, 0.18442046276866697, -0.06757870156923138, -0.007779634101181586, 0.10202752769307531, 0.17086491478664886, 0.3485715522838689, -0.29048194696238494, -0.17725434398512266, 0.1615758013298807],
                          [-0.33330180733706594, 0.0939206948762525, -0.10888451131033554, 0.2821805067660851, 0.3374348277643299, -0.27984333600756145, 0.24412147571491902, 0.17486113420742802, 0.1214913683178583, 0.2770188399139099, -0.22394849868648964, -0.028510431226916117, -0.11802827287860457, 0.023800046077563572, -0.2721862063209091, -0.2567039239372421, -0.1434977653278118, -0.03148335113170741, -0.06739983333460163, 0.22633940659978288, -0.14400590013832085, -0.06449333263849208, -0.2700692189111661, -0.1389346106574317, -0.02190877868697272, -0.05551564376087152, -0.024198146629657243, 0.09122949398093559, -0.03640203350558166, -0.03206738744403439],
                          [-0.033260249656886946, -0.03713528807899055, 0.18905207148017175, -0.03286215638527545, -0.15683447682801296, 0.25163980730298163, 0.03809467570092754, -0.013505876543970436, 0.12582566384208957, -0.0840280956576722, -0.10034574705428417, 0.21028987367517912, -0.05758921228458939, 0.14808233845212124, -0.1494276862199406, 0.015515074946079845, 0.15981333614687732, -0.44844163190452635, -0.21576106481219698, 0.2574727206149297, 0.37915675510110086, -0.07169174320701732, -0.19383285347918833, -0.14222720000830874, 0.2686276537393518, -0.18293549650767138, -0.16961512048474714, 0.009633724619305787, 0.21851274403303259, 0.13312409337606884],
                          [0.3755078366572995, -0.20161612858498879, 0.22590527596234802, 0.0867452504671401, 0.013850166150773292, -0.21681091111820583, 0.0384516188556211, -0.10986826346319642, 0.04407898310635957, -0.05263268535654733, 0.05030574186504403, 0.023822550637571747, 0.13579980757140755, -0.09089752597225279, -0.014883710422609884, -0.00783958875197413, 0.18090769592980158, -0.07545111855007587, -0.05672588501540177, 0.4051081312093054, 0.08789836277095082, -0.0736520115889272, -0.2252182970327358, 0.1635857856616217, -0.36051966406400604, -0.05309862539264366, 0.03346527066261012, -0.11910223620024862, -0.448521018902321, -0.13632591005447317],
                          [-0.025110797493557085, -0.28733379317079755, -0.13434839908223567, -0.03572457045497909, 0.1322172750750852, -0.21795248281946067, -0.03940086744230657, 0.024793438341622155, 0.32391621194604914, -0.4395111080750659, -0.02016420836888503, -0.2308378490143518, 0.2205180912573041, -0.22497419475504515, 0.0239884912323955, -0.15280905866121272, 0.0011287165960036211, -0.08657409249422608, 0.08050672599579121, -0.11988786632273904, 0.1419587543238365, 0.2838814329357093, -0.25556836173554304, -0.042281551362847156, 0.011271735359420557, 0.01824747043604259, 0.25134409934105456, -0.02270791486558549, 0.30181572712174365, 0.06278649622909739],
                          [0.0815837455518731, 0.10775112443770757, -0.3314584065739228, 0.20099897680649959, 0.04363765613024238, 0.09739816376380893, -0.3161684882592524, 0.09067123378413507, 0.08226068819300537, 0.0444647412793935, 0.24250263043499515, -0.07574396541395291, 0.09442225207667716, -0.14516037821599304, 0.15188640305850426, 0.10483638283446395, -0.1970794461725917, 0.019448535803295412, 0.09411734035171354, 0.2868321910732192, 0.3037207491323617, -0.05554637441643755, 0.013649751163702376, -0.2436180982993806, 0.06852955823481943, 0.08331120191434356, -0.02323413916270817, 0.42197164577658186, -0.23211003632725546, 0.2126713386215258],
                          [-0.08411349716480196, 0.2671738104200829, -0.32942793492683603, -0.22935439089071982, 0.022102650718827326, 0.4116021160804735, -0.041438272573231454, 0.23057935150834066, 0.14100790046220504, -0.11635412696170282, -0.1223182623802988, 0.15192671828995424, 0.0494117079395017, -0.31375226619414054, -0.16242170003691905, -0.12926642975958613, 0.29312047759968773, 0.06509623895781569, -0.1006076157365267, 0.16610591592807022, -0.12756791269583487, 0.13242178052066697, 0.06788380788555118, -0.03480220337328866, -0.27412193609556623, 0.02409964652358143, -0.01391780977515977, -0.24694317827549023, -0.11064527956806586, 0.05959117490215722],
                          [0.07804624697550466, 0.3842475033746546, 0.05837658938969228, -0.04209996901270768, -0.16476055047659377, -0.2554931971495647, 0.2511831390962274, -0.2067569559471814, -0.061874033881479766, 0.07591049244840525, 0.2744561257246464, 0.24240850402356406, 0.15810527439614874, -0.406159213924635, -0.052019555916896505, -0.021263245792077553, -0.0523481734866822, -0.09057086765340154, 0.3107763986385857, 0.1584450254972078, -0.051654891412967766, 0.030184317955887333, -0.07816291345334235, -0.03511262115683164, 0.09556458922803548, 0.19593754388065976, -0.16686639297545844, -0.0769273143220218, 0.28483342779841636, -0.007094215849415299],
                          [-0.22478593316709744, -0.10690753323625946, -0.14034481301019194, -0.10766894140971613, -0.07000181268975715, -0.05209842258237794, 0.039134752347044895, -0.03808097030304609, -0.11809915343001645, -0.13532422253864415, -0.2542695029461662, -0.09427426205798985, 0.3026142977152861, -0.07266164938985886, -0.2202473626090201, 0.1253057089844455, -0.18954925252662602, -0.20028344319988667, 0.3256438745811935, 0.09610257663324431, -0.04326174625410054, -0.28343383100775704, 0.19018992705637697, 0.2946258652086023, 0.21652746759735045, -0.18068242850777214, 0.033090098143782956, -0.13829217905437288, -0.2539045292194694, 0.26185486656293894],
                          [-0.06365124443059178, -0.12075946721838979, 0.03678448248091081, -0.029902582436935995, 0.1378510257617648, 0.27044524288469585, 0.027655093015208545, -0.40475575314803686, -0.0971153979333453, 0.27508335573136006, -0.010475237362260963, -0.11715666011176244, -0.0651778605148483, -0.18199678584566278, -0.40911206402015826, 0.133071143212234, 0.012679223495304051, 0.1260038260375165, 0.17741010018177125, -0.3120296114922535, 0.30753458154358654, 0.12053521161179297, -0.26530282198230454, -0.046099076232067604, -0.20628115953462534, -0.00031984675745712316, -0.08294173897394426, 0.02409072068473203, -0.08264078804184766, 0.13289415927179837],
                          [-0.09258002020007425, 0.24959117063361386, 0.27461608686658096, 0.004029815199549951, -0.13671282070528148, 0.04244901895828142, -0.008529854215737903, -0.17603562754195543, 0.26619379098571355, -0.1358914415275283, 0.01772992480330396, -0.24075271123044695, 0.06999100337946608, -0.23917148064949065, 0.19747604518219758, -0.059404321029556735, -0.22795601049700706, 0.0008454535553885466, -0.23168778326475864, -0.24381374562821848, -0.1822390964907852, -0.16964726751324385, -0.10706404807877484, -0.3148920617579128, 0.01814552248979811, -0.3038182951305896, -0.17675099554628118, -0.12509130295376725, -0.26427576494710864, 0.05343054637229896],
                          [0.18442315678624885, 0.036065642439805944, -0.1515866151190366, -0.1868196236156065, -0.2151018293597755, -0.1470663497172954, -0.3892524916386423, -0.019877627554174545, 0.007209294998808069, 0.09663377273367546, -0.2892342065038359, -0.37250304146667473, -0.2629035120026147, -0.01725631438983024, -0.16234791697498255, 0.24157090656377067, -0.07110144164010855, -0.19399427715565953, 0.0634826103416546, 0.14192436053873175, -0.16252711085120092, 0.05468965462113791, -0.1407952587932556, -0.15640731411060593, 0.062021408267310514, 0.19017265007815504, -0.14199057163087, -0.14796318049637583, 0.060261052484320406, -0.27351513921215437],
                          [-0.32626134390303263, 0.061165891213855725, 0.22603679973647378, 0.1549110585925226, -0.061053932058101106, 0.21289760696624113, -0.19865846008834215, 0.10235370088684803, 0.33580669335073227, -0.14945338682590917, 0.14397656792139552, 0.13906972085266758, 0.13441459194040084, 0.14004187857964312, -0.15628802435917502, 0.10101794957554246, -0.18083245532989659, 0.09022662091878751, 0.22127295163290212, 0.020387632665325006, 0.012700334596552097, 0.14966814660972003, -0.1084752699177321, 0.26690818873297156, 0.05316152267086041, 0.1322473405003913, -0.14066573725697004, 0.02521076152518014, -0.11541944854629883, -0.46733198884685845]])

    matrix50D = np.array([[0.1374921239644807, 0.11620641238747896, 0.29622984347321335, 0.14717319493126776, -0.2869269656303789, 0.12067109509769522, -0.06108664698851719, -0.18956839632920866, -0.06915312830961531, 0.004704936865753106, -0.014454094347701483, -0.03913046461827609, -0.06821329625867326, -0.20481122961852874, -0.18073616626530875, 0.0031452249614259196, -0.03575554675627914, 0.020950470053892153, 0.11294742869496059, 0.00890703105111641, 0.029434134169277405, -0.08802729041434089, -0.0535946531001928, 0.34242466555415957, -0.10833793926599444, -0.1611309612935178, -0.14142586316935538, 0.11195557749019834, -0.054681396531274795, -0.08982765800147972, -0.12572643384705237, -0.08045620645991348, -0.15622886904146507, -0.19149236143723505, 0.14717964722662946, -0.1466349811035666, -0.05988348398208523, -0.05333982818068158, 0.1431020047247136, -0.03250046573368938, 0.2261802770861211, -0.1105901547603094, -0.06430662806745263, -0.31774375412228123, 0.2311018288059341, -0.15653293665734805, -0.06964504893630709, 0.0593688078479851, -0.021080137447729994, -0.03887987159203763],
                          [0.024158413309536317, 0.14152765985453006, -0.1393617335668575, 0.326408411507377, -0.10830375323257624, 0.23111052970350845, 0.009413356882596856, 0.08980795666091525, -0.13155714307688335, 0.023313780687825192, -0.11134733671708735, -0.15082669453914926, 0.007633171470992013, 0.09958168366491209, 0.16032132607792188, 0.14360226768722653, 0.16600892207153334, 0.12767526763097045, -0.0758912417502087, -0.1296277300259371, 0.20998106482951215, 0.22768561546705346, 0.13044283115593303, -0.0769343211921715, 0.02455803535802115, 0.17328400284674841, 0.18877011094557278, -0.34733872793913484, -0.0009042741365653881, 0.09532836123909019, -0.15277010733270172, -0.01282985878897174, -0.1656425747074998, 0.16921734671009117, 0.14058001746363105, -0.2075301767431376, 0.09449346078434114, -0.156032152503374, -0.03548921688616584, 0.23006050507641124, 0.02867698294484518, 0.02603664280740564, 0.07929585139396957, -0.056538663079506446, 0.1074034333815209, -0.13620737024671262, -0.08621012010918017, 0.06442669989797885, 0.03266795817181725, -0.07713843849070327],
                          [0.4360601801408968, -0.21875495765111594, 0.15060597455015912, -0.0035749583050595913, 0.010719648697299647, 0.05760819155178119, -0.19228955895644434, 0.029516903365539086, -0.004344890490402425, -0.06592000249464444, -0.005299039022139178, -0.0013939318178723401, -0.1704646883783843, -0.021415705796698926, -0.02479259731543426, 0.05202615324015692, -0.11996749160134997, 0.023506651444489466, -0.3382163546282686, -0.041963907092947936, 0.027636394442371197, -0.04565328030045615, 0.08391438529603644, -0.032181161454000906, -0.13859439473554275, 0.28049837219209783, -0.16880658307136706, 0.01749371887435438, -0.05567952843077275, -0.12706047027394549, 0.10432335893247105, 0.17054614368905915, 0.16161150888336365, -0.04408510979805637, -0.10944686649496031, -0.14798313411754555, -0.042299020023011676, 0.009433492765636221, -0.11001372675028455, 0.2522700314985749, 0.062363306186182584, 0.06603040636416153, 0.042011360419535425, 0.06781265987243575, -0.02186175371760594, -0.042531739023569944, -0.03356317056273459, 0.19564076117111032, -0.049930188944878835, 0.3667564488663167],
                          [0.19793826733247166, 0.10221434177807967, -0.11921610593164685, -0.21950225040961566, -0.07430699148690856, 0.2262313066196156, -0.010523182391099187, 0.04466153089692594, 0.04032464860538328, 0.11678669156857949, 0.1397734799678145, -0.24144611627992135, 0.23313959751071758, 0.2122512931512456, 0.01925420763304312, -0.03653316059474689, -0.16530874620146913, -0.08288772089711872, 0.0577022245224529, -0.20697985426681317, -0.1683421337350696, -0.02433533462492371, -0.04880347681314115, -0.21487662286642972, -0.09870675515082906, -0.18522495571462183, 0.07860385768380979, 0.18169633160029394, 0.1191020379465064, 0.04488185878720272, 0.08733277494663784, 0.03539753494987104, 0.13622961113393553, 0.0017997441678148853, 0.13572187339631525, -0.10692578570436861, -0.06439722615244588, -0.14573278652415517, -0.1044806858559825, -0.04693251690739316, 0.03850719357919044, 0.12037290417084076, -0.08201875684329339, -0.12610536961930907, -0.17077554636916922, -0.3877682321917242, 0.04145394667703017, 0.09050413058554505, -0.20839061224770947, -0.10198887586821408],
                          [-0.031084137652741036, 0.10913904553216508, 0.061359267410751386, 0.01822908318077594, -0.05507724882237775, -0.01454281057039299, -0.01830917787050708, -0.126579536422708, -0.1259598675574144, 0.10189955467076839, -0.03069412086211235, 0.22060979912034792, -0.05408790573190157, 0.006216534710514693, -0.2551947820664214, 0.04509038280330157, 0.27025001977481533, -0.15068399297723653, 0.3472568858409702, -0.046391607821416186, -0.003438019330944425, 0.18169282006470103, -0.009893638204881868, -0.029861953787196107, -0.2415395078252435, 0.29433211107850615, 0.06898865784417613, -0.022744436288289746, -0.0019995765287704847, 0.02280066683039151, 0.18696428395897752, 0.1380386958379012, 0.1110909424708327, -0.11946727566779002, 0.16186321780296378, 0.1622965374180136, -0.11213950866583546, 0.07276413445390861, -0.23110259516476103, 0.241855275203866, 0.048913769046922066, 0.1006228606519433, -0.06083326769234195, -0.05415976291632559, -0.09085288015300089, -0.04281615600026826, 0.07943600032707104, -0.31230124087332906, -0.13167736839594046, 0.028587696171626088],
                          [-0.17972787138385787, -0.02082207808565187, -0.12924077342895757, 0.09330549299290931, 0.0541802549269417, 0.20155164940320183, -0.052367445473402566, -0.10977628784933711, 0.048526963490563416, -0.1921218322929618, 0.0694133366740844, 0.24758137826067222, 0.03613838781852391, 0.06255937845968064, -0.1678971667803711, -0.012300317746980581, -0.0008843290016572996, -0.27334343185371607, 0.011408822209026144, -0.3150824307756473, 0.1236474851665063, -0.009460702233531201, 0.11918699476291654, 0.15477572421072316, 0.32006262630462834, 0.10746616310391116, -0.023061115239086532, 0.15661077789087655, -0.04602659453802866, -0.0673874694482454, -0.18623314627796617, 0.07421690234018626, -0.058815732843707946, 0.06416560472742448, 0.2021609778038831, 0.030586922243066098, -0.09096569633682479, -0.004878053327253105, -0.00024600469912725996, -0.18908488667825357, -0.0112312417479179, 0.21920444838012776, -0.17932072408103922, 0.2365312089332057, 0.06823019763366443, -0.06801280657707631, -0.04063683682705466, 0.21383752821106572, -0.0936811837026591, 0.1893488758723808],
                          [0.10241020066333675, -0.10676991174069746, -0.028496303590960326, -0.054492302340552086, 0.003104677023586857, 0.06976521390336334, 0.34387049695752375, -0.0574715098690741, -0.0981808554632042, 0.12867977566735186, 0.3341727514785653, -0.2000648886047981, -0.14629538296446998, -0.1768559396027662, 0.03111049749810964, 0.062308965346578725, 0.21579298712397085, -0.13044123802208588, 0.10844456763158242, 0.11721785615066312, 0.0558836096315775, 0.01696523124451452, 0.09177441225466773, 0.178725877473389, 0.2280625756973569, 0.09920679353891901, 0.004682610090884683, 0.2402885506863267, 0.06435148844207567, -0.09656691071678418, 0.10293215585822287, 0.1530195082175369, -0.10441767946168024, 0.13795171056036384, -0.29635628004593084, -0.12968664395781757, 0.22522816480902766, 0.03488942897942544, -0.16375134721101056, 0.05435796138013811, -0.02976490806945961, -0.033530719461079515, 0.0039250384426245425, 0.08501472448370129, 0.0891158212197072, -0.07062733650988355, -0.05709711106264185, 0.004607342432040253, -0.1962890644090435, -0.17955888675263204],
                          [-0.0830982050418944, -0.0551160976532148, 0.2592434607251344, -0.13421030374294643, 0.06234725135056294, -0.024717894497700593, -0.15281311334686729, -0.03643068194582431, -0.19663657129313813, -0.04880060279316908, -0.08441374540663209, 0.13367607211652144, 0.13673698914513494, 0.18827807165026175, 0.23120650637665804, 0.10990994450534011, 0.12667855396157848, 0.1084249903458292, 0.1228959944273864, -0.2659675797834193, 0.18344365171939342, -0.09955856407841343, 0.023887903074297966, 0.08551584298513731, 0.21059956542380232, -0.06828856234676754, 0.023054270490740693, 0.08044018650664204, 0.13467208964202695, -0.026481595129309442, 0.006688421576910688, 0.11483880312855758, 0.08042920252768859, -0.13084337681832617, -0.25658893522697307, -0.08298441789337227, 0.11054113621417365, -0.11118445504094696, -0.08589354685563837, -0.10406950844405413, 0.10739127466526145, -0.05611577188722653, 0.15169808296124085, -0.08032351284825615, -0.1274701834520033, -0.2054484803666361, -0.21876132541406954, -0.2656747677996773, 0.23549675436092718, 0.1454299562688092],
                          [-0.1759944316054039, 0.040868183852561905, -0.16417531622016548, 0.021591351403191593, -0.040926787972743274, 0.33176105588067734, -0.10786190109635253, 0.031904908245736906, 0.03798316079505036, -0.017629925696529127, 0.11465147700829059, -0.013963776054906894, -0.08678471750657239, 0.22135271793430883, 0.08480152663828996, 0.052423253934914635, 0.03367208398217381, -0.07993546352933445, 0.03856991149254942, 0.42973804243275643, -0.1911995957436632, -0.1397210760230327, 0.25890113099419954, 0.035894749642442075, 0.12266102556773109, -0.1143503969882896, 0.14714569841144373, 0.053963314769949845, -0.12368396244955282, -0.041220615116026815, 0.09506211470776839, -0.03775647882833812, 0.07728624224412001, -0.3542727328154775, 0.015222122029378275, 0.013500102998258047, 0.05671403929760104, -0.048853058869893565, -0.06580828506520822, 0.13401405860165858, -0.08812668588227238, 0.13263817371830455, 0.14252956608831896, -0.15415503805309594, 0.18862775497341364, 0.04174503314360933, 0.028853459612087125, -0.026913952886134587, 0.10299597024380772, 0.2388262637627845],
                          [-0.013537266381015626, -0.013458252457162959, 0.08177860134710639, 0.16459053177849162, 0.35705296725635316, 0.15059566598235638, -0.14398641835239162, 0.08321894659089639, 0.3682966710618022, -0.015762419273935836, 0.055580177513836565, 0.14728464114866674, -0.07802450771550662, 0.11830087672377279, 0.013651782971881904, -0.11436663720636205, 0.23829352712165108, 0.17417325822127444, 0.049664807274514236, -0.02854637742258987, -0.07870909748480782, -0.02268746651950747, -0.19142695614721433, -0.026489648616313158, -0.14932582865150115, 0.05061829771176761, 0.014104343285946699, 0.006808039844286887, 0.01616365352465852, -0.3504016276447838, -0.11152024221899735, -0.011507697068746558, -0.0027975458744665467, -0.11246171324704693, -0.008084343724593834, -0.19919118245055445, -0.02218888699610857, -0.1743193833779996, -0.11290623603134028, -0.12169253508750975, -0.13186777781042153, -0.21472624262674056, 0.10167570409912428, 0.08162981132155679, 0.10985065285797287, -0.03223670170045778, 0.03363647076932151, -0.057710406143305845, -0.24554683527783946, -0.1721741828708583],
